1
2
3
4
5
1
2
3
4
5
4
5
3
6
6
1
2
5
6
5
5
5
5
3
3
3
3
3
5
3
6
4
3
4
1
1
7
7
8
8
3
9
10
9
11
12
13
14
15
16
17
18
19
20
18
19
20
3
8
3
8
21
2
6
6
4
22
10
23
5
5
1
7
24
25
26
10
3
27
28
19
29
28
29
19
1
30
31
31
6
32
23
33
14
2
34
20
1
24
25
35
36
37
28
3
18
19
18
19
26
10
3
3
26
27
27
38
38
39
20
40
40
39
20
6
41
42
1
24
25
35
36
37
28
3
18
19
18
19
26
10
3
3
26
27
27
38
38
39
20
40
40
39
20
6
41
42
34
34
32
43
34
44
45
46
3
46
3
46
3
3
46
6
32
47
39
33
23
34
34
32
43
34
44
45
46
3
46
3
46
3
3
46
6
32
47
39
33
23
48
34
3
49
50
2
34
51
3
3
34
34
32
43
34
44
45
46
3
46
3
46
3
3
46
6
32
47
39
33
23
49
52
53
54
3
54
51
19
19
55
56
34
34
19
19
57
6
32
58
59
19
34
34
32
43
34
44
45
46
3
46
3
46
3
3
46
6
32
47
39
33
23
49
52
53
54
3
54
51
19
19
55
34
34
32
43
34
44
45
46
3
46
3
46
3
3
46
6
32
47
39
33
23
60
61
21
19
62
53
51
54
3
54
3
63
49
19
19
34
34
44
47
39
33
23
10
19
10
34
34
44
47
39
33
23
10
19
10
64
19
63
64
19
63
65
19
20
64
19
20
64
19
19
20
64
19
63
20
64
59
10
59
10
64
11
59
19
19
20
64
59
19
19
20
64
63
28
3
28
3
66
20
58
64
67
19
19
20
66
64
20
20
68
51
19
19
69
70
71
72
57
6
73
74
34
32
75
74
34
32
28
10
28
76
77
2
34
19
34
63
63
63
10
10
10
10
10
59
19
19
20
64
19
63
34
63
77
63
78
74
34
79
80
81
28
19
29
28
19
29
82
34
32
78
74
34
79
80
81
28
19
78
74
34
79
80
81
32
28
28
19
19
83
69
19
78
74
34
79
80
81
32
28
28
19
19
83
69
19
56
74
34
19
19
78
74
34
79
80
81
32
28
19
84
34
85
63
63
78
74
34
79
80
81
32
28
19
84
34
85
63
63
86
19
28
87
19
19
63
88
87
19
19
63
88
89
64
20
6
3
3
3
6
3
3
3
59
67
6
3
3
3
59
67
87
19
89
64
34
90
77
91
34
34
92
93
43
78
74
34
79
80
81
59
3
3
3
6
28
19
58
82
19
94
6
64
3
3
59
3
3
3
64
20
20
20
64
20
20
20
64
20
64
20
20
20
11
11
6
95
96
20
97
64
20
20
20
64
20
20
20
64
20
64
20
20
20
11
11
6
95
96
20
97
98
52
99
21
67
19
19
19
67
64
20
20
20
64
20
20
20
64
20
64
20
20
20
11
11
6
95
96
20
97
100
74
101
19
19
101
101
101
101
101
19
101
19
19
19
19
6
6
6
47
47
102
103
19
19
19
104
15
20
105
6
32
106
6
107
108
80
109
19
110
111
64
19
19
19
64
19
19
19
64
19
19
19
19
64
19
19
64
64
64
64
19
19
19
19
19
19
19
19
19
19
19
19
6
112
19
11
113
47
64
19
19
19
64
19
19
19
64
19
19
19
19
64
19
19
64
64
64
64
19
19
19
19
19
19
19
19
19
19
19
19
6
114
115
20
15
116
3
117
101
19
19
101
101
101
101
101
19
101
19
19
19
19
6
6
6
47
47
102
103
19
19
19
118
107
119
101
19
19
101
101
101
101
101
19
101
19
19
19
19
6
6
6
47
47
102
103
19
19
19
118
107
119
104
15
20
120
121
122
101
19
19
101
101
101
101
101
19
101
19
19
19
19
6
6
6
47
47
102
103
19
19
19
104
15
20
120
39
123
124
101
19
19
101
101
101
101
101
19
101
19
19
19
19
6
6
6
47
47
102
103
19
19
19
104
15
20
120
105
6
32
101
19
19
101
101
101
101
101
19
101
19
19
19
19
6
6
6
47
47
102
103
19
19
19
104
15
20
105
6
32
106
6
107
125
126
127
19
108
80
109
19
110
111
101
19
19
101
101
101
101
101
19
101
19
19
19
19
6
6
6
47
47
102
103
19
19
19
104
15
20
105
6
32
106
6
107
125
126
127
19
108
80
109
19
110
111
127
128
129
130
131
132
133
134
135
1
136
137
71
138
70
23
139
140
34
64
20
20
20
64
20
20
20
64
20
64
20
20
20
11
11
6
95
96
20
97
100
74
64
20
20
20
64
20
20
20
64
20
64
20
20
20
11
11
95
6
141
32
113
6
19
19
19
19
67
21
19
19
19
67
19
67
21
22
23
142
14
12
99
143
14
144
145
146
147
28
6
19
19
19
14
148
64
20
20
20
64
20
20
20
64
20
64
20
20
20
11
11
95
6
141
32
113
6
19
19
19
19
67
21
19
96
19
137
33
23
149
19
6
32
74
78
79
80
81
86
28
22
64
59
58
23
32
19
34
19
19
2
34
28
19
69
19
2
34
28
19
69
19
2
34
28
19
2
34
19
150
151
14
2
34
34
152
34
34
23
22
23
101
19
19
136
1
153
154
17
22
23
101
19
19
136
1
153
22
23
101
19
19
136
1
153
96
155
19
22
23
101
19
19
136
1
153
96
155
19
63
10
10
101
101
11
63
10
101
10
11
101
63
10
101
10
11
101
22
23
101
19
19
136
1
153
96
155
67
19
20
22
23
101
19
19
136
1
153
96
155
67
19
20
71
70
140
34
71
70
140
34
156
85
63
71
70
140
34
156
85
63
157
34
85
63
85
63
34
140
71
70
140
34
156
85
63
157
34
85
63
85
63
34
140
158
2
33
23
19
19
6
64
19
19
64
19
19
64
19
19
64
159
19
113
33
23
113
64
10
138
23
2
10
23
138
23
2
10
23
160
85
41
161
84
63
19
85
63
37
30
31
162
11
112
19
138
23
2
10
23
160
85
41
161
84
63
19
85
63
37
30
31
162
11
112
19
138
23
2
10
23
160
85
41
161
84
63
19
85
63
37
30
31
162
11
112
19
37
30
163
64
10
68
164
19
165
83
19
112
166
138
23
2
10
23
160
85
41
161
84
63
19
85
63
37
30
31
162
11
112
19
37
30
163
64
10
68
164
19
165
83
19
112
166
80
138
23
2
10
23
160
85
41
161
84
63
19
85
63
37
30
31
162
11
112
19
37
30
163
64
10
68
164
19
165
83
19
112
166
80
33
23
156
85
63
155
22
96
19
20
23
67
167
136
71
70
140
34
156
85
63
157
34
85
63
85
63
34
140
158
2
138
23
2
10
23
160
85
41
161
84
63
19
85
63
37
30
31
162
11
112
19
37
30
163
64
10
68
164
19
165
83
19
112
166
80
33
23
168
10
64
10
163
39
113
10
169
20
20
95
117
6
64
64
64
10
10
10
170
10
171
64
64
10
10
169
10
15
172
64
10
10
170
10
64
8
80
15
69
173
20
174
99
175
96
10
18
10
28
8
10
173
69
176
20
30
41
41
122
6
177
178
31
179
164
64
10
80
80
10
81
109
109
10
180
10
58
10
102
181
182
183
106
184
20
10
32
32
112
6
185
112
6
185
81
104
177
15
10
10
20
163
6
41
10
6
39
113
10
39
113
10
39
113
10
39
113
10
123
103
114
10
10
64
10
169
20
20
39
113
10
108
10
186
54
10
54
10
186
54
10
186
54
10
186
54
10
186
54
10
186
187
10
96
20
39
188
122
64
10
10
21
20
20
18
20
10
10
101
117
10
96
10
10
10
63
63
59
64
11
64
10
11
64
64
10
11
64
64
10
10
21
188
122
101
10
10
39
113
113
113
32
41
10
21
188
122
101
10
10
39
101
188
122
10
10
39
189
177
21
10
39
188
122
10
101
10
188
122
101
10
10
39
188
122
101
10
10
39
190
191
192
21
10
3
3
41
41
21
10
3
3
41
21
10
3
3
6
6
41
10
10
41
188
122
101
10
10
39
188
122
101
10
10
39
188
122
101
10
10
39
169
193
194
10
10
10
41
10
6
195
195
195
195
195
195
195
195
10
10
64
64
171
10
10
170
15
10
10
170
64
15
64
10
10
99
96
10
174
175
80
8
20
69
173
172
10
169
196
113
10
63
28
10
8
20
69
173
122
18
10
176
178
6
30
31
41
41
177
195
195
10
170
64
15
64
10
10
99
96
10
174
175
80
8
20
69
173
172
28
10
8
20
69
173
122
18
10
176
178
6
30
31
41
41
177
195
41
10
108
10
177
197
197
197
163
163
195
163
10
10
6
32
41
10
10
32
10
6
6
32
32
163
41
10
32
10
6
6
32
32
163
41
10
32
10
6
6
32
32
163
112
10
164
64
10
10
20
10
179
102
182
106
184
181
183
20
180
10
58
10
80
109
104
15
10
177
195
41
80
109
112
10
112
10
6
6
32
185
81
185
81
32
41
10
163
6
6
188
122
184
64
10
10
39
20
11
186
54
10
20
20
10
10
83
88
198
89
10
199
18
10
10
10
163
64
106
122
176
177
41
195
64
64
10
10
168
10
64
10
200
164
6
185
58
37
80
112
10
32
41
195
201
163
64
10
117
64
10
64
10
6
95
169
20
20
202
108
108
10
10
203
42
204
205
70
206
10
40
20
20
202
114
64
10
10
10
123
103
23
33
164
64
10
10
20
10
179
102
182
106
184
181
183
20
80
104
15
10
177
80
112
10
6
32
185
81
41
10
163
6
207
10
58
84
10
85
33
23
33
23
1
139
80
68
20
20
10
85
10
23
33
23
84
85
33
58
10
10
23
33
23
84
85
33
58
10
10
10
85
85
195
10
64
83
10
208
10
20
169
3
3
52
53
51
10
54
10
54
10
6
10
186
33
23
49
10
64
83
10
208
10
20
3
3
53
54
10
54
10
6
10
186
33
23
49
202
61
10
209
210
211
62
212
10
64
83
10
208
10
20
3
3
33
23
49
18
10
101
10
106
122
176
41
177
140
10
10
10
20
20
185
10
58
87
87
54
54
54
10
6
28
10
64
83
10
208
10
20
199
213
214
68
32
6
215
10
32
169
20
20
10
54
54
186
10
64
83
10
208
10
20
20
20
21
10
177
58
58
10
10
87
87
10
2
33
23
10
175
80
216
10
2
10
64
10
117
64
10
64
10
6
95
169
20
20
61
10
23
23
15
20
33
85
33
62
212
217
10
114
64
10
10
10
123
103
3
3
169
3
3
10
10
199
58
28
87
6
10
54
54
41
10
84
218
10
58
159
186
20
20
202
114
64
10
10
10
123
103
58
69
10
219
159
58
219
54
54
10
20
213
186
83
88
220
199
28
10
10
199
10
28
6
221
41
108
10
186
54
54
10
199
10
28
6
10
114
64
10
10
10
123
103
74
79
222
223
21
3
3
10
177
224
113
10
39
186
225
225
122
64
10
176
52
226
41
63
19
186
227
108
108
228
6
229
229
10
10
10
63
64
64
229
10
133
64
20
20
20
20
20
20
20
108
10
70
205
230
20
3
77
231
232
233
122
64
10
176
52
226
41
63
19
186
227
108
108
228
6
229
229
10
10
10
63
64
64
229
10
133
64
20
20
20
20
20
20
20
108
10
70
205
230
230
70
71
234
10
10
235
235
198
236
237
237
226
134
41
10
134
228
10
15
28
229
238
230
239
199
84
10
231
231
232
233
136
231
231
3
3
28
28
70
71
234
10
10
235
235
198
236
237
237
226
134
41
10
134
228
10
15
28
229
238
230
239
199
84
10
231
231
232
233
136
231
231
3
3
28
28
240
70
71
234
10
10
235
235
198
236
237
237
226
134
41
10
134
228
10
15
28
229
238
230
239
199
84
10
231
231
232
233
136
231
231
3
3
28
28
240
8
58
83
198
70
71
234
10
10
235
235
198
236
237
237
226
134
41
10
134
228
10
15
28
229
238
230
239
199
84
10
231
231
232
233
136
231
231
3
3
28
28
240
8
58
83
198
212
212
63
63
241
70
71
234
10
10
235
235
198
236
237
237
226
134
41
10
134
228
10
15
28
229
238
230
239
199
84
10
231
231
232
233
136
231
231
3
3
28
28
240
8
58
83
198
212
212
63
63
241
70
71
234
10
10
235
235
198
236
237
237
226
134
41
10
134
228
10
15
28
229
238
230
239
199
84
10
231
231
232
233
136
231
231
3
3
28
28
240
8
58
83
198
212
212
63
63
241
66
20
64
20
66
20
242
10
243
77
77
243
242
66
10
20
64
20
6
6
96
10
3
244
245
118
10
246
27
29
41
32
82
172
96
244
245
118
10
246
27
29
41
32
172
82
96
10
3
96
11
207
11
159
10
207
159
247
6
41
10
80
109
96
10
96
207
207
11
11
26
248
10
248
10
26
248
10
26
10
248
26
248
26
248
10
26
249
249
249
249
20
64
20
10
66
242
243
77
77
243
10
242
20
66
20
64
250
250
250
250
250
250
10
251
252
83
83
101
10
3
83
10
3
172
20
3
20
124
124
110
20
182
10
104
20
104
20
96
10
81
20
253
103
107
107
66
66
66
10
3
10
106
182
15
20
20
20
3
10
181
181
32
32
41
41
113
10
77
20
10
15
181
207
80
254
255
10
255
10
225
29
163
247
113
256
256
257
257
82
124
103
20
10
258
10
3
122
107
10
106
182
15
176
176
80
109
29
29
6
29
80
109
29
6
259
172
96
3
10
20
260
102
20
181
10
181
102
11
32
103
261
262
263
211
263
102
211
181
20
102
32
181
32
102
263
211
11
102
263
102
102
211
103
181
181
261
262
10
260
96
225
32
225
247
163
247
163
264
264
10
29
29
29
264
29
264
10
247
6
32
29
41
10
29
95
30
31
243
77
243
6
32
95
243
77
6
32
30
31
243
29
41
10
29
32
247
6
264
264
10
6
41
40
20
80
109
31
31
259
6
172
257
10
181
80
29
257
181
11
40
265
265
201
201
266
153
136
96
10
175
267
174
80
38
35
268
269
10
270
20
20
20
164
64
10
6
20
271
10
58
10
28
28
63
63
218
10
216
63
69
226
109
66
10
39
272
10
108
179
183
10
228
186
227
186
227
6
41
35
269
268
175
175
198
10
218
63
226
216
10
77
10
10
74
47
270
273
77
15
41
94
10
58
41
273
35
268
269
10
47
39
21
10
41
239
85
63
10
10
128
131
61
10
15
274
85
84
10
10
63
63
63
275
275
275
275
74
74
74
74
120
68
10
10
85
276
277
278
279
20
20
280
74
74
280
74
280
74
280
21
10
20
20
20
20
281
282
283
284
20
20
285
286
134
63
272
77
128
131
61
10
21
10
245
274
213
10
287
10
85
85
85
10
149
58
10
85
169
10
288
10
47
176
39
52
174
109
61
10
10
199
108
239
108
10
37
41
63
289
63
164
10
53
227
227
10
10
186
290
10
10
10
10
186
10
291
99
30
262
261
262
261
10
292
165
292
63
63
165
63
63
3
3
3
59
64
3
3
59
64
3
3
59
64
19
3
59
64
19
3
3
59
64
19
59
3
3
3
3
59
64
19
59
3
3
3
293
294
3
39
20
3
293
294
3
39
20
64
64
64
19
114
6
95
64
19
64
11
19
69
19
64
64
64
114
6
95
64
64
11
69
19
20
20
20
64
64
64
114
6
95
64
64
11
69
19
20
20
20
68
64
20
20
64
20
20
64
20
20
172
6
20
20
64
20
20
64
246
238
15
295
238
296
164
186
20
178
3
19
19
19
67
41
69
20
87
19
3
28
54
19
186
54
19
66
20
64
178
3
297
20
245
96
20
164
19
119
298
28
28
19
245
102
181
20
299
300
77
64
64
68
41
220
80
51
19
69
66
301
59
3
165
292
19
302
3
302
3
20
3
3
3
59
64
66
64
3
3
68
69
3
20
20
68
295
64
64
41
257
103
186
59
19
19
19
69
69
20
54
19
64
64
64
19
19
114
6
95
64
19
64
11
19
10
303
304
10
10
41
305
306
66
242
307
10
68
284
51
21
20
20
39
186
10
51
164
20
20
69
19
19
19
19
3
3
3
59
64
64
20
20
245
69
20
119
118
15
31
208
3
3
3
59
64
64
3
3
68
69
3
188
122
308
3
186
19
19
6
54
54
19
19
309
53
3
3
3
59
64
64
3
3
68
69
3
188
122
3
3
3
59
64
64
20
20
245
208
181
211
20
102
15
102
20
3
3
64
3
3
245
39
293
294
3
39
20
47
120
20
310
3
3
3
59
64
64
3
3
68
66
20
245
51
19
19
41
182
15
19
104
39
3
3
3
59
64
64
20
20
245
211
20
118
19
19
104
15
104
19
15
38
247
41
41
6
10
74
74
164
295
64
64
20
20
20
20
20
229
64
10
6
6
6
10
10
10
3
227
103
227
64
227
64
64
186
227
20
64
227
20
10
10
20
20
20
20
20
20
20
20
20
20
20
20
20
20
20
311
312
313
311
312
314
315
315
316
317
318
313
315
319
313
320
321
318
322
313
318
323
324
325
326
313
327
318
238
15
38
328
109
105
58
186
10
39
239
99
239
10
108
226
41
52
63
10
239
63
186
159
10
21
32
10
10
21
41
239
52
52
63
10
239
10
38
41
155
6
3
3
20
20
20
20
20
20
20
20
20
20
20
20
20
20
20
228
205
70
10
206
10
308
10
231
230
205
70
10
206
10
329
41
53
186
41
51
10
10
330
330
10
10
10
10
41
41
226
63
10
226
239
85
52
226
41
10
331
176
10
10
85
239
10
85
37
41
85
10
10
10
332
41
85
10
140
140
150
10
10
3
20
20
333
10
63
63
63
231
231
10
334
335
336
337
7
332
57
233
20
20
30
231
231
228
231
231
10
10
10
230
10
239
10
245
150
15
102
10
22
104
338
10
339
10
10
239
10
34
239
231
10
10
10
10
201
136
136
37
30
31
99
41
38
41
162
85
185
58
41
176
340
84
10
85
41
10
99
38
162
85
185
58
20
20
20
63
58
52
63
41
341
10
20
20
20
20
20
20
20
20
20
20
20
20
163
163
10
11
10
10
342
343
85
10
239
239
61
10
10
246
25
331
10
231
231
344
345
311
10
74
312
313
74
311
312
315
6
10
10
316
3
323
324
64
64
325
186
227
10
10
20
20
20
20
20
20
227
3
3
346
63
347
239
136
348
10
349
41
10
350
10
58
351
85
35
186
54
292
10
20
10
85
213
10
58
164
10
186
227
63
63
77
21
6
20
20
20
20
6
20
20
20
20
10
231
352
24
52
86
10
353
10
354
355
21
10
175
356
10
35
231
41
10
10
10
35
245
268
269
10
10
21
10
41
41
239
77
10
10
20
10
10
63
41
10
221
357
70
71
85
358
359
70
71
233
140
150
10
64
261
262
360
140
150
10
233
361
182
10
238
10
162
85
41
32
32
362
77
84
238
10
11
10
363
71
233
364
282
10
70
20
20
186
227
39
38
41
32
6
365
10
17
21
10
231
231
231
231
22
23
10
74
313
323
324
64
64
20
20
20
20
20
3
3
280
314
315
10
20
227
366
367
321
320
227
313
10
317
368
369
198
63
346
63
188
146
10
39
21
10
108
10
20
20
208
32
87
21
20
20
175
63
227
186
186
227
164
69
10
10
312
313
316
3
317
323
326
64
313
227
327
20
318
20
20
20
370
371
318
313
227
64
20
20
20
64
20
20
20
6
64
20
20
20
64
20
20
20
64
20
20
20
64
20
20
20
85
372
74
74
311
311
10
10
312
373
10
3
6
315
10
10
74
311
313
374
375
3
316
3
20
317
376
3
377
378
379
10
380
381
74
311
313
374
375
3
20
3
10
382
10
64
3
3
3
3
3
3
383
384
385
227
311
10
74
312
313
74
311
312
315
6
10
10
10
10
227
3
373
3
10
386
321
373
10
387
103
20
20
20
319
227
313
388
6
389
3
10
10
390
390
69
63
311
10
74
313
74
311
315
64
227
20
20
20
3
3
20
20
313
388
6
313
227
390
390
69
63
322
10
10
10
10
20
10
20
10
87
10
10
64
10
10
164
6
289
108
295
108
374
11
186
227
10
382
377
6
391
317
10
20
318
392
393
315
394
164
295
64
64
20
20
20
20
20
6
64
313
227
20
20
20
10
313
227
322
322
10
3
3
20
20
20
10
382
227
227
390
390
69
313
313
63
10
391
321
315
6
318
317
318
315
322
321
322
6
388
321
313
10
10
311
74
6
74
311
377
315
395
10
311
10
74
312
313
74
311
315
227
396
397
77
227
398
313
397
399
313
227
10
10
77
54
54
398
400
313
227
397
401
401
401
77
54
10
398
223
223
223
3
3
3
3
3
6
402
403
34
404
10
254
10
32
74
405
10
82
10
34
406
10
10
19
19
20
20
101
64
68
66
78
74
79
10
113
64
20
20
64
20
20
64
20
20
64
20
20
64
20
20
6
77
407
408
10
409
10
3
101
159
10
28
28
10
10
227
227
227
227
6
186
6
231
41
63
410
226
411
20
20
20
412
186
227
37
52
226
134
413
414
156
28
10
350
415
416
10
413
273
332
413
6
32
41
85
228
239
231
176
233
122
415
35
99
30
10
231
417
418
419
420
6
10
58
421
231
80
422
186
227
38
96
10
41
244
68
226
63
273
10
3
423
72
231
10
424
28
41
77
425
96
10
41
120
414
268
269
426
10
261
262
261
262
231
427
231
282
306
282
428
429
230
430
431
150
10
39
69
10
216
63
432
227
227
186
10
332
231
314
10
314
41
321
315
314
321
433
390
226
226
390
10
434
435
436
64
20
364
282
64
20
20
37
186
227
186
227
20
20
20
412
186
227
134
63
20
20
20
412
186
227
134
63
67
59
10
10
10
10
10
10
10
10
64
64
10
11
64
11
64
10
10
10
11
64
64
10
10
10
63
1
20
136
20
10
80
10
96
37
113
108
81
11
113
37
11
163
12
142
14
20
20
10
11
107
64
10
437
63
17
18
10
3
80
437
10
1
136
37
10
21
175
174
41
80
437
10
18
10
3
1
136
80
437
10
18
10
3
10
20
204
78
74
10
79
207
159
10
273
10
32
10
159
10
63
32
63
64
28
10
28
28
58
267
10
33
23
33
23
33
23
74
402
32
47
96
20
20
20
99
10
120
11
39
20
20
272
10
20
438
272
63
52
226
439
10
10
21
20
20
10
440
10
52
226
63
186
227
188
10
39
146
228
186
227
127
130
299
441
31
6
442
10
6
47
96
20
20
20
99
10
120
11
39
20
20
272
10
20
438
272
63
52
226
439
10
10
21
20
20
10
440
10
52
226
63
186
227
188
10
39
146
228
186
227
127
130
299
441
31
6
442
10
6
63
226
52
41
186
227
99
122
64
10
176
41
19
109
443
10
47
96
20
20
20
99
10
120
11
39
20
20
272
10
20
438
272
63
52
226
439
10
10
21
20
20
10
440
10
52
226
63
186
227
228
186
227
127
130
299
441
31
6
442
10
6
63
226
52
41
186
227
99
122
64
10
176
41
19
109
443
10
444
445
99
186
332
332
231
231
228
1
1
186
444
445
174
28
19
175
19
21
144
446
38
143
199
77
10
10
59
58
10
10
97
227
227
10
58
47
96
20
20
20
99
10
96
96
120
11
39
11
11
6
10
20
20
272
10
272
272
20
438
272
63
52
226
10
439
10
10
21
20
20
99
31
442
10
328
440
10
52
226
63
186
227
6
239
186
54
99
21
175
19
174
28
19
19
445
19
445
444
444
54
19
19
228
186
231
231
332
332
1
1
228
97
231
210
209
447
447
447
6
186
227
1
24
10
231
10
176
41
52
226
63
99
448
47
96
20
20
20
99
10
120
11
39
20
20
272
10
20
439
10
10
21
20
20
10
228
299
441
31
6
442
10
6
122
64
10
176
41
19
109
97
52
41
226
52
226
69
63
61
10
449
199
84
10
121
122
37
41
330
450
20
451
10
292
53
41
10
335
6
41
289
63
335
336
10
41
451
10
53
292
10
289
63
10
186
227
332
1
1
1
231
24
10
231
99
231
332
228
21
19
175
445
444
28
174
19
227
186
99
445
444
440
443
10
10
10
438
452
83
10
39
272
10
20
99
38
272
10
440
41
10
21
10
41
10
10
58
174
109
186
227
228
109
163
10
10
28
130
10
130
19
19
19
453
127
10
454
127
64
20
20
64
20
64
20
20
20
20
20
20
20
20
20
64
113
6
20
20
20
64
6
113
37
6
41
455
10
64
10
113
6
456
11
77
10
108
10
58
29
457
130
458
10
74
127
103
102
19
28
28
10
10
130
19
77
10
19
19
131
453
10
459
128
128
127
460
64
64
64
64
64
19
19
11
11
11
11
11
11
11
11
6
461
10
462
122
10
10
10
39
66
10
463
464
164
37
64
465
10
466
10
41
8
289
213
85
80
10
365
146
104
107
184
10
461
10
10
108
10
10
10
455
10
108
77
77
6
102
103
19
453
10
467
468
469
457
280
74
470
130
19
471
10
472
467
457
457
453
10
127
77
134
473
457
453
10
28
10
130
19
130
19
130
103
19
10
474
10
475
476
127
127
127
28
10
19
130
10
130
80
77
19
459
453
10
477
478
479
480
128
127
127
28
10
130
19
77
130
467
10
127
481
127
180
19
19
10
180
19
19
127
130
77
104
10
467
482
10
483
130
127
130
180
19
19
77
77
10
6
172
114
6
467
10
482
483
127
6
34
74
453
468
484
485
10
486
10
10
6
6
6
6
130
19
19
172
172
172
11
11
11
10
455
10
127
457
10
3
28
19
64
19
64
19
64
122
103
19
19
19
19
64
19
19
64
19
245
19
19
64
19
122
19
64
19
459
453
487
488
489
10
474
10
490
491
487
492
10
493
491
487
77
130
28
19
467
10
494
128
495
127
496
77
457
473
10
77
457
111
42
10
63
497
10
130
80
498
499
500
501
502
467
503
127
128
129
102
104
121
504
103
19
184
19
64
19
146
468
10
28
28
10
10
505
505
28
28
19
19
19
77
19
19
77
467
10
467
129
129
506
507
508
509
129
506
508
507
453
129
80
10
28
10
506
127
130
473
510
180
10
10
130
511
127
459
66
10
96
10
512
257
181
10
3
504
10
10
108
10
300
3
3
20
81
331
270
162
504
10
85
20
112
10
513
77
77
77
163
308
10
95
10
273
39
10
6
272
10
74
38
514
515
25
83
188
10
81
122
462
81
10
51
112
270
58
10
442
28
270
64
10
3
3
228
6
41
19
19
19
19
10
516
30
15
122
10
21
47
39
272
10
10
516
21
11
96
246
25
331
20
20
20
20
20
20
20
20
20
20
20
20
20
20
20
6
6
6
122
294
127
130
228
134
39
99
21
10
10
10
3
10
462
122
10
517
39
451
53
21
10
68
64
292
69
41
41
227
6
10
227
227
227
10
273
518
10
519
518
10
520
10
518
10
10
521
518
10
10
522
518
10
518
10
523
518
10
524
518
10
525
10
227
227
227
6
526
10
227
227
6
527
528
227
10
227
227
6
10
227
227
227
6
529
10
227
227
227
6
530
10
227
227
227
6
531
412
186
54
20
20
54
20
20
532
50
63
20
412
186
54
20
20
54
20
20
532
20
533
412
186
54
20
20
54
20
20
532
63
20
534
412
186
54
20
20
54
20
20
532
63
20
535
412
186
54
20
20
54
20
20
532
412
186
54
20
20
20
20
227
412
186
54
20
20
54
20
20
53
6
10
10
108
10
412
186
54
20
20
536
20
412
186
54
20
20
20
537
412
186
54
20
20
54
20
20
532
20
538
63
412
186
54
20
20
54
20
20
532
20
63
539
412
186
54
20
20
54
20
20
532
20
63
540
412
186
54
20
20
54
20
20
532
20
63
541
186
542
10
543
10
544
64
229
10
10
186
542
10
543
10
544
64
229
10
10
53
227
227
6
10
36
242
66
20
308
545
65
10
10
223
222
74
224
79
10
63
541
64
10
69
10
66
78
79
74
10
63
20
107
35
546
64
10
63
127
130
415
164
547
238
20
103
107
10
106
238
35
35
20
548
415
238
10
547
238
20
103
107
10
106
238
35
35
351
20
63
238
10
549
10
10
20
434
415
63
20
107
35
127
130
415
164
268
269
36
545
10
228
10
434
107
238
103
20
10
36
127
130
20
107
35
127
130
415
164
268
269
20
107
35
127
130
415
164
268
269
20
107
35
127
130
415
164
268
269
550
551
10
64
10
552
551
64
10
10
63
552
63
552
307
307
553
554
10
555
63
551
551
556
10
551
551
557
10
551
107
20
103
281
10
10
551
107
20
558
122
103
10
10
551
107
20
559
551
107
560
64
10
64
20
10
68
63
551
107
20
561
20
20
562
63
551
107
20
561
20
20
562
63
551
107
20
561
20
20
562
63
122
63
10
20
563
107
10
105
10
122
564
63
146
10
20
551
107
560
64
10
64
20
562
63
307
20
20
565
566
307
20
20
10
567
307
568
20
20
20
20
307
565
565
10
20
20
565
282
569
103
10
20
20
565
282
103
570
20
10
20
20
565
282
20
291
10
571
10
288
164
565
241
10
20
20
10
10
572
282
63
64
10
63
10
307
10
63
10
10
554
10
63
10
505
64
103
10
103
10
10
63
10
64
103
10
103
10
10
551
573
574
64
10
10
103
10
10
10
568
288
118
283
20
95
10
164
10
20
20
575
63
20
20
20
576
63
571
505
10
288
288
10
10
11
288
288
11
10
10
575
577
63
63
577
20
578
63
554
579
63
103
10
505
10
568
10
20
20
284
63
285
307
10
118
10
580
63
282
559
20
565
565
580
63
10
10
551
107
20
103
281
10
581
63
307
10
118
10
286
63
282
559
20
565
565
63
582
582
10
10
551
107
20
103
281
10
583
551
107
20
103
281
10
283
118
10
63
282
559
20
565
565
63
584
584
10
10
551
107
20
103
281
10
585
242
66
10
10
308
586
127
28
10
10
10
131
63
242
66
10
10
308
127
28
10
130
10
10
242
66
10
28
10
587
39
588
10
10
128
242
66
10
28
10
39
588
10
10
128
589
242
66
10
131
128
308
10
28
10
10
10
242
66
10
128
308
10
28
10
131
588
10
130
10
10
242
66
10
128
308
10
28
10
131
10
10
10
590
132
10
4
219
219
4
215
64
4
219
466
20
10
4
219
219
4
215
64
4
219
591
10
4
219
219
4
215
64
4
219
10
4
219
219
4
64
4
219
592
64
10
171
10
122
64
184
10
64
184
574
103
10
10
64
184
103
10
593
10
64
10
594
64
64
10
595
555
146
595
555
146
595
555
146
10
4
219
219
4
215
64
4
219
596
10
4
219
219
4
215
64
4
219
597
10
4
219
219
4
215
64
4
219
598
10
4
219
219
4
215
64
4
219
599
600
63
127
130
10
128
10
10
128
63
63
10
601
601
10
127
127
63
129
132
600
10
118
107
10
15
602
106
118
118
63
10
107
182
20
603
20
118
118
63
10
107
182
20
20
274
10
103
256
63
118
107
118
263
118
10
118
107
118
62
63
10
604
63
103
10
15
10
20
103
118
107
10
103
118
605
10
63
10
20
119
63
63
119
211
103
10
103
10
265
118
107
10
118
20
103
10
118
107
10
20
182
15
106
184
103
10
606
118
107
10
20
595
146
555
103
10
20
181
119
63
63
119
103
10
119
63
63
119
607
63
119
607
10
103
10
608
15
10
15
20
365
609
103
10
118
118
10
284
107
568
20
20
20
103
118
107
10
10
610
77
119
63
10
118
107
245
118
10
68
119
118
107
10
106
118
107
10
184
118
107
10
15
118
63
287
10
20
181
287
63
119
118
63
287
10
20
181
287
63
119
118
63
10
20
181
63
119
611
611
118
63
10
20
181
63
119
449
449
10
589
127
600
64
10
498
63
28
20
130
10
589
127
600
64
10
63
500
28
10
10
131
3
132
132
589
127
600
64
10
10
219
10
219
101
10
10
10
28
28
612
184
219
10
613
10
101
10
219
219
10
10
101
10
219
187
20
20
20
15
219
10
10
101
10
219
28
28
28
10
614
219
10
10
101
10
219
28
28
10
115
15
20
219
10
219
118
101
101
118
10
10
184
106
10
615
20
101
616
11
11
66
10
101
101
20
219
10
10
101
10
219
28
10
28
617
106
219
10
10
101
10
219
114
28
28
28
10
219
10
219
101
10
10
10
28
28
114
28
618
219
10
219
101
10
10
10
28
28
114
28
619
63
20
219
10
219
101
10
10
10
28
28
114
28
63
620
219
10
219
101
10
10
10
28
28
114
28
63
621
3
219
219
10
10
101
425
66
64
20
10
310
64
10
20
245
107
248
20
555
19
207
207
101
219
219
622
3
219
219
10
10
101
425
244
3
219
219
10
10
101
425
623
624
219
10
219
10
10
64
10
219
625
624
219
10
219
10
10
64
10
219
626
20
624
219
10
219
10
10
64
10
219
20
627
624
219
10
219
10
10
64
10
219
628
624
219
10
219
10
10
64
10
219
629
20
31
624
219
10
219
10
10
64
10
219
20
630
624
219
10
219
10
10
64
10
219
20
456
624
219
10
219
10
10
64
10
219
123
103
10
624
219
10
219
10
10
64
10
219
103
10
246
20
624
219
10
219
10
10
64
10
219
20
631
219
20
632
10
10
243
77
10
103
124
219
20
632
10
10
243
77
20
270
10
103
219
20
632
10
10
243
77
308
20
624
219
10
219
10
10
64
10
219
20
633
11
10
114
10
513
77
77
634
11
10
114
10
513
77
77
634
6
624
219
10
219
10
10
64
10
219
20
512
624
219
10
219
10
10
20
452
101
624
219
10
219
10
10
20
101
635
77
20
624
219
10
219
10
10
101
636
10
101
624
219
10
219
10
10
101
637
20
219
20
632
10
10
243
77
301
10
219
624
219
10
219
10
10
64
10
219
20
26
624
219
10
219
10
10
64
10
219
20
638
624
219
10
219
10
10
20
101
77
20
639
624
101
219
10
219
10
10
20
96
624
101
219
10
219
10
10
20
9
624
219
10
219
10
10
101
640
20
96
20
624
101
219
10
219
10
10
178
3
624
101
219
10
219
10
10
3
240
624
219
10
219
10
10
101
20
96
20
641
624
219
10
219
10
10
642
164
64
219
10
64
184
10
624
219
10
219
10
10
64
219
10
145
146
64
251
266
10
172
10
643
66
10
20
107
15
10
104
624
219
10
219
10
10
101
97
624
101
219
10
219
10
10
644
20
624
101
219
10
219
10
10
20
645
20
646
219
10
219
64
10
10
624
20
64
10
624
646
624
219
10
219
10
10
20
101
647
624
219
10
219
10
10
101
647
10
219
220
10
219
220
101
172
10
10
648
624
219
10
219
10
10
101
649
10
64
10
252
172
10
294
10
650
651
11
10
114
10
624
219
10
219
10
10
101
260
20
114
10
652
624
219
10
219
10
10
101
20
653
624
219
10
219
10
10
101
20
654
20
624
219
10
219
10
10
101
20
655
624
101
219
10
219
10
10
20
656
20
624
219
10
219
10
10
101
657
10
624
219
10
219
10
10
101
10
657
77
11
10
114
10
513
77
77
10
101
208
108
658
659
20
20
253
119
10
101
208
108
658
20
253
119
660
544
20
544
20
20
624
219
10
219
10
10
101
31
624
219
10
219
10
10
101
661
624
219
10
219
10
10
101
196
624
219
10
219
10
10
101
8
624
219
10
219
10
10
101
662
624
219
10
219
10
10
101
30
20
20
219
10
28
10
28
10
307
663
20
20
219
10
28
10
28
10
664
101
20
20
219
10
28
10
28
10
101
665
106
181
184
181
20
20
666
555
20
20
666
555
667
20
20
666
555
668
20
20
666
555
669
670
146
20
20
20
20
670
146
20
20
20
20
671
670
146
20
20
20
20
672
670
146
20
20
20
20
673
670
146
20
20
20
20
674
670
146
20
20
20
20
675
670
146
20
20
20
20
676
677
20
20
101
184
10
20
20
64
20
677
20
20
101
184
10
20
20
64
20
678
677
20
20
101
184
10
20
20
64
20
679
677
20
20
101
184
10
20
20
64
20
680
677
20
20
101
184
10
20
20
64
20
681
677
20
20
101
184
10
20
20
64
20
682
219
10
101
171
3
219
10
3
118
64
10
184
64
10
11
64
10
624
101
10
683
20
219
10
101
171
3
219
10
361
219
220
10
219
220
101
172
4
4
684
219
220
10
219
220
101
172
4
4
685
219
220
10
219
220
101
172
4
4
686
624
101
10
220
219
10
116
101
220
219
10
10
77
101
10
220
219
220
219
300
10
10
219
220
10
219
220
101
172
4
4
687
686
685
10
299
10
684
219
220
10
219
220
101
172
10
219
220
101
243
220
77
219
117
101
10
219
220
10
219
220
96
66
688
10
10
103
219
220
10
219
220
101
172
4
4
689
219
220
10
219
220
101
172
4
4
690
219
220
10
219
220
101
172
4
4
691
77
113
692
219
3
10
219
10
10
219
64
77
113
219
3
10
219
10
10
219
64
693
64
694
113
64
64
10
10
10
6
20
20
77
113
219
3
10
219
10
64
695
77
3
77
113
219
3
10
219
10
64
696
77
113
219
3
10
219
10
64
697
20
20
77
113
698
20
20
77
20
10
10
699
10
113
20
77
77
77
113
219
3
10
219
10
64
20
700
77
38
242
66
101
10
19
37
19
3
10
101
10
96
66
77
113
10
20
219
219
10
10
220
220
101
80
109
624
245
701
77
113
219
3
10
219
10
64
161
47
219
219
20
632
10
220
10
120
47
219
219
20
632
10
220
10
702
10
101
47
219
219
20
632
10
220
10
703
47
219
219
20
632
10
10
704
47
219
219
101
20
20
219
219
101
425
242
20
219
219
101
47
10
10
10
10
47
219
219
20
632
10
10
220
10
219
55
47
219
219
20
632
10
10
220
705
20
10
20
101
426
101
101
706
163
101
20
10
20
101
426
101
101
706
163
101
20
20
10
107
20
20
505
364
20
20
188
555
294
20
20
20
20
101
426
101
101
101
707
428
20
20
101
426
101
101
101
707
428
708
64
709
10
10
708
219
10
64
219
10
10
10
10
10
219
10
710
708
709
10
711
63
10
708
709
10
63
10
712
708
709
10
63
10
713
708
10
714
63
708
63
714
708
10
710
715
63
10
708
10
710
10
708
10
710
10
716
63
708
10
710
717
118
10
708
10
710
10
718
201
64
64
164
164
10
10
10
719
78
74
10
79
63
41
10
64
64
164
164
10
10
10
201
68
63
64
64
164
164
10
10
10
63
162
64
64
164
164
10
10
10
64
10
164
27
163
37
28
10
41
308
66
100
74
64
64
164
164
10
10
10
64
10
164
27
163
100
74
720
34
34
720
280
74
720
34
34
720
280
74
64
64
164
164
10
10
10
63
162
176
64
64
164
164
10
10
10
64
10
164
27
163
721
565
308
66
63
295
10
721
63
20
20
10
365
547
64
10
107
121
555
547
64
10
107
462
20
146
547
64
10
107
20
146
104
184
547
64
10
107
20
504
171
132
129
310
245
547
64
10
107
722
135
129
132
171
310
245
547
64
10
107
20
20
20
516
555
547
64
10
107
20
723
20
20
171
132
129
310
245
547
64
10
107
135
724
171
132
129
310
245
547
64
10
107
135
725
555
171
132
129
310
245
308
66
726
63
308
66
726
63
547
64
10
64
10
245
238
20
331
28
10
171
132
129
547
64
10
727
573
64
10
555
146
547
64
10
573
64
10
555
306
573
146
547
64
10
64
10
102
245
547
64
10
64
10
238
106
20
547
64
10
64
10
20
108
20
20
547
64
10
64
10
245
465
238
20
36
545
10
228
10
308
66
728
10
10
186
66
10
39
54
10
66
10
39
54
10
451
6
54
10
10
64
257
106
10
282
64
20
20
729
20
253
10
64
730
164
20
106
3
219
219
101
731
10
10
10
10
64
106
732
20
20
20
10
107
288
551
15
106
184
20
10
101
20
64
10
10
10
101
20
20
282
107
20
10
20
632
20
10
282
64
20
10
20
729
20
107
66
10
282
64
20
20
729
20
261
10
282
64
20
20
729
20
262
10
282
64
20
20
729
20
175
10
300
77
39
733
544
10
734
39
63
10
63
3
464
735
10
734
39
63
10
63
3
464
10
736
737
307
10
20
20
20
738
282
64
10
20
20
739
238
107
20
20
20
15
238
20
20
15
107
547
737
307
10
20
20
20
740
739
238
107
20
20
20
15
741
739
238
107
20
20
20
15
742
739
238
107
20
20
20
15
743
737
307
10
20
20
20
744
739
238
107
20
20
20
15
745
600
10
219
219
219
64
10
28
28
10
10
10
20
20
20
219
10
28
10
28
10
746
307
20
20
20
229
101
219
10
28
10
28
10
412
20
20
20
600
10
219
219
219
64
10
28
28
10
10
10
747
600
10
219
219
219
64
10
28
28
10
10
10
748
600
10
219
219
219
64
10
28
28
10
10
10
749
295
107
64
20
10
20
20
565
20
20
505
64
10
10
10
295
107
64
20
20
20
750
295
107
64
20
20
20
751
752
63
565
10
20
10
105
66
108
10
10
251
135
105
66
108
10
10
251
126
127
10
10
164
64
20
110
229
10
64
20
10
164
64
229
10
64
20
10
241
10
229
64
20
125
127
10
10
229
64
20
753
248
122
64
20
106
20
20
10
229
64
20
754
10
110
164
10
10
229
64
20
164
10
111
631
66
20
39
108
755
6
105
66
108
10
10
251
10
64
10
252
172
10
294
10
108
6
20
10
10
101
64
11
756
6
10
10
64
10
252
172
10
294
10
756
108
6
20
10
10
64
10
252
172
10
757
20
20
10
64
10
252
172
10
250
294
10
758
617
10
10
66
10
617
10
412
164
64
20
20
20
20
228
6
412
20
588
28
10
126
133
128
412
20
588
28
10
126
134
128
759
219
219
219
3
64
10
10
10
164
20
10
64
760
10
20
760
10
10
20
759
219
219
219
3
64
10
10
10
179
759
219
219
219
3
64
10
10
10
183
219
10
219
734
10
10
219
10
39
77
64
243
761
219
58
10
101
181
15
102
10
762
208
63
219
58
10
101
181
15
102
10
208
63
763
219
58
10
101
181
15
102
10
208
10
10
764
63
10
101
58
10
219
15
181
10
102
765
219
58
10
101
181
15
102
10
766
103
10
10
103
10
10
103
103
10
10
10
10
767
219
58
10
10
101
181
15
102
208
219
58
10
101
181
15
102
10
766
103
10
10
103
10
10
103
103
10
10
10
10
767
219
58
10
101
181
15
102
10
208
63
768
3
3
219
58
10
101
181
15
102
10
208
63
3
3
769
219
58
10
101
181
15
102
10
208
63
770
219
58
10
101
181
15
102
10
208
63
771
734
39
77
64
243
772
63
10
219
58
10
101
181
15
102
10
208
63
10
10
10
773
761
219
58
10
101
181
15
102
10
208
63
10
10
10
761
774
107
66
601
308
19
19
127
444
107
64
10
66
66
6
775
10
776
107
64
10
66
66
6
775
10
777
107
66
308
778
19
444
127
19
242
66
10
10
308
444
63
779
118
10
186
10
242
66
10
10
308
444
780
63
118
10
10
186
242
66
10
10
308
444
781
63
10
186
242
66
10
10
308
444
445
63
63
10
186
242
66
10
10
775
10
6
782
10
107
64
10
66
66
6
775
10
783
25
107
66
631
39
10
6
66
64
6
107
64
10
66
66
6
775
10
107
64
10
66
66
6
10
784
64
10
10
114
785
187
64
187
187
6
114
10
10
10
10
106
64
64
10
10
20
242
66
10
10
308
444
10
451
10
786
187
107
15
614
10
10
187
107
15
614
786
11
6
10
10
219
20
632
10
10
219
10
243
77
39
734
787
10
11
11
10
114
10
305
20
20
787
10
11
11
10
114
10
20
20
788
787
10
11
11
10
114
10
20
20
789
787
10
11
11
10
114
10
141
787
10
11
11
10
114
10
20
20
790
787
10
11
11
10
114
10
20
18
20
39
123
10
10
25
6
787
10
11
11
10
114
10
20
20
61
787
10
11
11
10
114
10
296
10
787
10
11
11
10
114
10
791
20
787
10
11
11
10
114
10
99
10
11
11
10
114
10
20
20
787
21
10
11
11
10
114
10
20
20
787
792
10
11
11
10
114
10
20
20
787
793
10
11
11
10
114
10
787
794
66
15
10
11
11
10
114
10
787
438
412
20
20
20
787
10
11
11
10
114
10
20
20
795
787
10
11
11
10
114
10
20
20
796
787
10
11
11
10
114
10
40
20
787
10
11
11
10
114
10
20
272
77
219
20
632
10
10
219
10
243
77
39
470
39
797
310
10
10
20
787
10
11
11
10
114
10
10
464
95
10
64
10
10
20
172
11
10
6
20
10
64
10
10
20
172
11
10
6
11
10
798
11
10
6
20
10
64
10
10
20
172
11
10
6
798
11
10
219
20
632
10
10
219
10
243
77
39
219
20
632
10
10
219
10
799
10
64
10
252
172
10
20
20
170
11
10
108
10
10
251
800
10
10
251
266
64
172
104
10
107
15
787
10
11
11
10
114
10
63
10
300
77
39
52
66
10
631
63
10
801
187
10
631
10
63
801
20
66
10
631
63
10
802
66
10
631
63
10
803
63
10
300
77
39
98
64
219
10
219
10
10
10
804
10
219
10
10
300
77
39
733
544
10
64
219
10
219
10
10
10
10
219
10
805
463
544
10
219
219
10
294
39
176
74
806
10
74
10
56
10
10
6
10
63
63
74
63
402
78
79
74
10
63
807
74
10
74
10
808
63
809
810
406
811
74
809
403
809
812
813
79
74
10
810
809
77
809
814
74
815
809
403
809
63
809
816
63
809
403
74
817
63
406
63
818
63
74
63
79
74
63
74
819
63
815
74
817
63
406
63
818
63
74
63
79
74
63
820
74
817
63
406
63
818
63
10
404
809
403
63
809
821
10
74
811
809
810
406
74
822
63
74
823
10
824
10
825
79
74
222
63
63
401
54
10
223
54
10
826
10
58
69
223
79
74
222
63
224
10
79
74
222
223
74
401
54
10
827
828
10
63
828
10
63
77
63
63
77
20
20
10
63
20
10
63
10
63
19
10
63
10
10
34
824
63
34
829
830
831
10
10
63
10
10
63
832
10
10
10
63
10
833
10
10
834
829
63
63
63
63
63
330
63
330
10
10
63
10
833
10
10
835
10
10
63
10
833
10
10
836
10
10
63
10
833
10
10
837
10
10
63
838
330
839
10
840
10
63
840
10
841
63
842
10
63
829
831
10
10
63
843
829
63
844
63
845
63
846
63
829
63
847
848
10
10
10
63
848
10
10
10
63
849
848
10
10
10
63
850
848
10
10
10
63
851
365
365
365
10
10
28
219
10
51
10
852
156
66
340
63
10
63
340
63
340
63
340
765
10
64
238
10
218
10
10
15
107
10
340
63
63
831
831
10
10
853
854
829
330
63
63
855
10
856
63
63
63
63
63
831
10
10
10
63
855
10
856
63
63
63
63
831
10
10
10
857
63
63
831
10
10
10
858
10
63
63
859
831
831
10
10
63
63
63
831
10
10
10
860
63
63
831
10
10
10
861
63
63
831
10
10
10
862
63
63
831
10
10
10
863
63
63
831
10
10
10
864
63
865
63
63
866
63
867
10
63
63
10
868
77
10
63
63
149
10
63
10
163
63
10
63
10
185
10
63
10
63
63
10
869
63
3
3
3
6
67
63
3
3
3
63
3
3
3
59
870
10
6
63
871
77
77
6
63
63
63
63
871
6
6
63
63
871
63
871
63
63
219
10
852
10
350
10
10
6
6
6
872
872
872
10
63
63
10
873
10
63
63
58
77
77
6
63
63
63
63
6
6
63
63
63
874
874
874
874
77
77
6
63
63
63
63
6
6
63
63
63
875
875
875
875
876
10
6
63
10
63
10
6
63
10
63
303
877
63
66
66
623
623
20
20
63
63
219
10
852
10
10
878
63
63
219
10
852
10
80
10
63
63
10
28
166
10
10
63
63
63
10
63
879
328
10
63
10
10
63
880
63
880
63
219
58
10
101
181
15
102
10
208
63
10
10
63
328
208
881
881
10
63
63
63
63
6
6
882
6
882
63
63
219
10
852
10
109
63
63
219
10
852
10
292
63
63
219
10
852
10
165
10
6
883
883
884
10
63
63
10
63
10
63
63
10
63
885
10
63
63
10
63
886
887
10
213
10
887
10
89
89
10
887
10
213
10
89
10
362
362
63
63
888
219
10
852
3
10
889
87
10
247
6
10
10
6
10
259
10
6
10
890
889
10
63
87
10
87
10
10
63
10
63
87
10
247
10
63
87
10
259
10
63
87
10
890
63
87
10
29
10
10
29
891
10
63
254
63
10
10
63
63
10
82
10
63
10
159
63
273
10
63
77
63
10
63
63
207
63
67
63
3
3
3
63
3
304
67
63
3
3
3
63
443
3
63
10
892
213
19
63
67
3
3
3
63
85
63
218
10
84
10
63
63
10
37
41
10
412
63
127
10
63
63
328
10
10
6
63
10
892
213
19
63
63
87
10
893
10
63
87
10
893
10
894
10
10
63
63
10
63
63
10
442
10
63
63
10
895
4
10
63
63
10
299
10
10
63
63
81
63
87
10
10
896
10
63
63
180
10
10
10
63
255
10
10
67
63
3
3
3
63
3
264
10
63
353
3
10
889
87
10
247
6
10
892
10
84
10
897
10
63
63
28
159
63
897
28
63
19
63
219
10
852
10
10
267
63
10
6
10
259
10
6
10
890
10
29
891
356
66
66
66
10
623
356
6
10
356
66
66
66
10
623
6
10
354
10
63
6
6
63
898
3
10
63
6
6
898
63
893
10
198
10
899
63
63
10
6
67
63
3
3
3
225
63
67
63
3
3
3
63
112
3
67
63
3
3
3
63
94
63
63
219
10
852
3
220
10
10
624
86
261
624
108
10
10
108
86
624
262
63
219
10
852
10
10
63
174
63
219
10
63
10
63
298
219
10
63
10
63
298
77
298
77
63
219
10
63
10
63
298
63
63
219
3
219
3
6
32
212
63
20
212
63
20
63
20
217
63
20
900
63
20
901
63
20
902
20
20
20
289
6
20
63
20
63
173
20
252
63
20
63
903
20
63
904
20
905
34
10
10
63
20
906
63
20
907
63
20
852
4
10
63
64
10
300
20
63
20
908
63
20
909
20
63
20
910
309
10
10
10
63
10
63
290
20
10
63
911
3
3
912
63
20
20
63
3
3
913
63
20
20
914
63
20
20
915
63
916
63
658
3
63
3
917
3
63
3
219
3
219
51
3
3
63
63
88
20
63
216
3
916
63
918
20
63
918
20
20
63
251
20
63
919
20
63
920
20
20
6
20
63
226
20
63
921
20
63
922
63
923
63
271
63
924
63
925
926
77
77
63
77
77
77
77
63
927
63
10
63
63
928
20
20
63
87
63
77
77
929
63
929
77
77
63
929
77
77
20
20
63
69
20
20
63
84
20
20
63
213
20
20
63
930
20
20
63
89
20
20
63
221
218
63
10
63
10
895
10
3
63
213
10
895
10
84
63
3
20
20
63
218
20
20
63
83
77
10
63
931
63
63
931
63
10
77
20
20
63
932
63
77
77
63
77
77
63
77
77
933
933
933
198
20
20
63
341
10
63
20
63
934
214
63
20
63
935
214
63
430
431
431
63
431
936
431
937
431
938
10
64
624
23
939
108
10
10
940
941
20
10
20
20
20
942
10
64
624
246
184
20
42
544
10
21
943
23
41
348
10
349
10
348
944
70
945
946
947
70
71
948
949
1
949
1
950
160
70
71
70
71
951
70
71
952
85
953
70
71
952
70
71
954
70
71
955
70
71
956
952
85
1
957
17
1
17
958
959
17
960
34
961
70
71
959
17
960
34
1
962
64
10
10
963
964
7
965
966
965
966
941
10
10
64
64
11
967
66
242
37
968
431
430
66
242
37
968
431
430
968
431
430
66
242
37
969
1
10
1
10
970
1
10
971
972
973
940
11
64
10
64
10
969
1
10
974
1
10
970
975
70
71
976
1
10
971
977
978
965
966
80
10
978
965
966
80
10
979
980
70
10
981
982
965
966
969
1
10
974
10
64
624
983
3
984
10
64
624
3
984
108
10
985
6
10
64
624
983
3
984
986
10
64
624
987
246
3
20
42
943
10
64
624
246
3
20
42
943
988
20
10
64
624
246
3
20
42
943
988
20
989
10
64
624
246
3
20
42
943
990
987
10
64
624
246
3
20
42
943
987
991
1
1
1
992
992
23
136
993
1
77
77
77
77
58
994
1
70
57
80
995
153
63
23
233
138
23
138
996
23
140
10
80
57
997
1
1
997
1
1
365
998
1
245
233
137
23
49
53
10
999
1000
1001
70
71
77
20
1
1
80
57
1002
23
138
1003
10
20
2
10
20
153
3
28
1004
153
77
1005
153
1006
992
871
992
362
84
77
85
872
992
992
85
1
1
6
1007
41
10
10
1007
365
23
414
71
70
155
71
1008
70
23
943
150
71
70
23
24
23
1009
23
57
153
1010
871
23
1011
23
1012
23
332
23
1013
1014
1015
1016
1017
1018
63
1014
1015
1016
1017
1018
63
1014
1015
1016
1017
1018
63
1019
10
1020
23
1019
10
236
999
23
23
338
999
20
1021
23
1
10
20
10
23
17
1022
18
37
20
1022
23
17
137
15
23
22
154
154
3
10
23
154
154
3
10
1023
14
6
14
999
1024
23
999
23
234
999
23
360
999
23
139
1025
1019
10
10
10
10
1026
1027
468
10
457
34
70
10
206
10
10
1028
63
468
10
457
34
70
10
1029
10
1030
1028
1031
23
1032
10
10
1033
1034
973
1
359
1033
1035
10
1033
1036
1033
1037
1038
1033
1039
1040
1
1041
137
1
1042
20
1043
10
143
10
144
14
294
238
15
10
37
38
20
10
10
144
14
294
238
15
10
37
20
10
143
1
1042
1044
10
1045
144
66
64
10
10
1008
77
940
10
108
1046
32
66
64
10
10
1008
77
940
1046
10
1047
1048
10
1049
1050
10
1051
10
1047
10
1047
1052
1053
1054
1055
1056
63
10
1047
1052
1053
1054
1055
1056
63
10
1047
1052
1053
1054
1055
1056
63
10
1047
1052
1053
1054
1055
1056
63
10
1047
1052
1053
1054
1055
1056
63
1057
137
20
20
20
15
187
1058
154
11
30
31
154
30
31
1059
1060
965
966
965
966
1061
74
280
204
74
280
42
1062
74
1062
74
1063
1064
20
20
446
10
20
1065
14
20
14
1066
10
14
1067
14
1068
14
1069
1070
1071
10
206
10
206
10
1072
206
10
1073
206
10
1074
206
10
1075
206
10
1076
206
10
1077
1078
996
71
70
206
10
1079
206
10
1080
206
10
1081
206
10
1082
206
10
1083
206
10
1084
10
64
624
64
10
66
940
940
10
64
624
64
10
66
984
984
1085
1086
122
10
10
10
965
966
1085
1086
122
10
10
10
965
966
1087
1085
1086
122
10
10
10
965
966
1088
1085
1086
122
10
10
10
965
966
1089
1090
10
70
71
1091
1
1092
1
1092
1093
949
1
950
1094
1095
1096
10
1051
10
70
1096
10
1051
10
1097
1096
10
1051
10
1098
70
1096
10
1051
10
1099
1096
10
1051
10
1099
1096
10
1051
10
1099
23
237
10
1100
10
1101
23
237
10
1102
23
1012
1012
23
1103
1012
23
1104
1012
23
1105
237
10
1106
23
138
1107
1012
23
1012
23
1108
1012
23
1109
1012
23
1110
1012
23
235
1014
1015
1016
1017
1018
63
1014
1015
1016
1017
1018
63
1111
34
1111
34
1112
1113
1114
1115
1111
34
1112
1113
1114
1115
1111
34
1112
1113
1114
1115
1111
34
1112
1113
1114
1115
1116
1116
1116
10
1117
10
1118
10
1118
1119
10
1118
1120
1121
10
1122
20
644
10
20
10
1123
20
10
1123
10
963
1124
107
20
10
1121
10
1125
1121
10
1126
1121
10
1127
1121
10
1128
1121
10
1129
1121
10
1130
1121
10
1131
1132
1132
1132
63
63
63
1133
1133
63
63
63
1134
63
1134
63
1134
1135
1135
1136
1137
77
1135
10
1138
1139
1140
1135
1141
10
1135
10
1142
1143
1144
10
77
10
1134
1132
1135
1136
1135
10
1138
1139
1140
1135
1141
10
1135
1142
1145
973
1135
97
20
364
37
20
1145
973
1135
97
20
364
37
20
1146
1145
973
1135
97
20
364
37
20
1147
1148
1149
1150
1151
34
14
1152
37
294
1153
1151
34
1151
34
1154
1155
70
71
28
3
23
999
139
70
71
28
3
10
1156
72
70
71
28
3
10
1156
72
1157
14
137
10
10
70
71
357
70
71
1158
70
71
359
70
71
1159
70
71
421
70
71
1160
70
71
1161
70
71
72
70
71
1162
70
71
1163
1086
122
10
1086
122
10
1164
1086
122
10
1165
142
12
14
154
452
20
10
1166
20
1167
1
1
1167
10
14
12
10
1167
96
1168
10
14
1169
1
10
11
108
20
23
138
1167
16
1170
1171
1172
1173
63
63
63
63
63
63
63
63
63
63
1173
1171
1172
16
1170
63
63
63
63
63
1173
1171
1172
16
1170
63
63
63
63
63
1173
1171
1172
16
1170
63
63
63
63
63
1173
1171
1172
16
1170
1174
209
209
1175
209
1176
209
1177
209
448
209
210
1178
973
70
71
77
77
10
1179
431
430
1
233
431
430
1
233
1180
253
1178
973
70
71
77
77
10
1181
1178
973
70
71
77
77
10
1182
1183
1184
965
966
1185
10
965
966
1186
77
965
966
1187
10
1188
973
233
70
71
10
10
965
966
1189
965
966
1190
965
966
1191
965
966
1192
965
966
1193
1194
10
1195
1196
10
64
108
10
41
94
982
966
965
966
965
1197
1198
17
1199
1200
34
1198
17
1199
1200
34
148
11
10
64
64
20
20
3
147
14
20
1201
14
14
148
11
10
64
64
20
20
3
1200
10
1202
148
1203
10
70
1204
1205
10
237
10
71
70
80
1001
10
1040
1001
10
1040
1203
10
70
1204
1205
10
237
10
71
70
80
1203
10
70
1204
1205
10
237
10
71
70
80
1206
945
108
20
106
3
973
10
63
63
973
1207
1208
973
1207
1208
1209
1210
1211
77
77
10
973
1212
1213
973
1212
1213
1214
973
10
10
1212
1215
1214
973
10
10
1212
1215
1216
1217
1218
1214
973
10
10
1212
1215
1216
1217
1218
1214
973
10
10
1212
1215
1216
1217
1218
63
14
1219
63
71
70
63
138
23
63
965
966
63
70
63
965
63
23
63
144
5
23
63
63
14
1220
63
154
63
1221
63
17
63
1222
63
1
63
153
63
137
63
1223
63
1169
12
63
63
973
63
148
1224
1225
1224
1225
1224
1225
1224
1225
1226
14
965
966
80
1227
945
15
20
20
10
238
66
96
10
945
15
20
20
10
238
66
96
10
1228
414
1
77
945
15
20
20
10
238
66
96
10
1
77
1229
1230
14
1231
10
151
14
20
10
66
96
10
77
137
1232
1
20
10
66
96
10
77
1
10
1233
545
20
10
66
96
10
77
1234
1
10
1235
973
74
1209
1210
1235
973
74
1209
1211
1214
973
10
10
1212
1215
1216
1217
1218
1236
1237
70
10
1
545
1238
1
1239
575
10
152
23
10
10
71
70
28
10
23
10
10
973
1240
6
973
973
70
71
1241
70
71
1242
1243
70
71
1244
14
63
209
966
965
1245
973
28
10
1011
1246
63
1247
74
430
431
973
965
966
28
10
1248
1249
973
1249
973
77
973
6
1250
70
973
1001
10
1040
1251
973
965
966
28
10
77
1248
973
6
973
973
973
1252
10
973
1253
1254
10
1254
10
1254
10
199
10
63
4
10
63
63
10
77
4
63
199
63
4
63
4
63
10
199
164
412
219
3
10
10
3
59
10
108
10
10
10
87
89
63
1255
64
10
1256
10
66
631
1257
10
77
63
64
10
63
63
63
63
63
63
10
10
10
600
104
107
10
10
1258
822
74
239
10
10
600
104
107
10
10
413
102
63
106
181
20
10
218
355
413
63
10
10
10
64
87
69
10
310
4
34
63
1259
34
34
63
34
824
34
34
1260
10
412
1261
340
1262
34
10
34
63
34
1263
77
34
63
34
77
92
34
63
34
77
1264
34
63
34
77
1265
34
63
34
1266
77
63
34
93
34
63
34
77
157
1267
34
63
3
34
34
63
90
77
34
63
34
1268
3
34
63
3
34
1269
34
63
3
34
1270
34
63
3
1271
3
34
63
91
34
34
34
63
34
43
34
63
3
3
1272
34
63
1273
34
63
45
34
63
45
34
63
158
34
63
1274
1265
34
63
63
1265
34
34
63
1274
63
34
1275
63
34
1276
34
63
1274
63
34
1275
63
34
1276
70
71
518
522
34
1162
70
71
518
522
140
10
267
14
1068
70
71
34
1162
28
166
64
10
10
113
20
96
68
10
10
51
164
53
10
51
10
54
54
6
186
20
20
15
64
122
248
40
631
20
20
20
87
59
3
19
19
83
85
19
84
19
19
218
19
19
59
20
20
83
19
83
251
10
19
67
934
64
113
19
19
96
19
19
229
19
229
51
19
19
20
19
19
923
20
20
252
935
83
59
64
251
83
915
83
10
83
146
462
113
66
19
19
19
67
146
462
63
34
43
34
1263
34
85
28
28
19
19
824
34
10
20
20
10
252
251
10
10
64
64
624
624
6
95
10
64
64
11
96
10
10
159
171
63
63
10
64
64
11
10
6
96
247
63
63
63
26
10
176
154
154
154
154
154
6
38
38
6
6
41
29
32
47
3
33
23
23
6
95
154
154
21
10
735
736
464
20
10
208
108
10
1277
63
62
212
596
210
215
209
51
10
2
10
33
7
1
10
7
1
228
6
41
205
70
10
1011
206
71
70
10
1
24
164
41
6
10
10
96
10
10
96
10
10
20
10
20
138
23
1278
247
2
6
10
1261
20
59
20
10
20
20
19
19
19
64
64
68
15
238
40
765
19
59
20
20
10
10
10
68
10
295
10
257
103
10
66
39
41
64
64
20
20
20
20
20
20
20
20
66
66
66
66
10
108
108
108
95
6
1012
1
2
10
20
20
20
20
20
20
20
20
20
10
2
10
10
63
20
10
64
63
41
113
63
64
10
10
64
10
10
64
10
64
10
10
10
10
10
10
10
64
20
20
64
20
20
20
282
624
3
3
251
935
10
117
64
164
64
3
164
3
64
19
64
610
20
20
20
20
181
211
122
257
118
64
20
288
21
20
20
164
37
20
20
571
258
164
10
127
125
10
128
131
10
739
10
74
280
504
10
21
20
20
18
18
10
10
61
118
118
64
610
20
20
20
20
257
181
211
10
10
63
63
64
63
113
248
10
10
64
122
108
10
96
10
96
11
58
63
248
10
10
64
122
108
10
96
10
96
11
10
218
10
84
10
63
85
85
248
10
10
64
122
108
10
96
10
96
11
28
10
248
10
10
64
122
108
10
96
10
96
11
248
10
10
64
122
108
10
96
10
96
11
225
11
248
10
10
64
122
108
10
96
10
96
11
11
112
10
107
102
103
10
67
102
103
28
10
103
102
10
29
29
28
29
28
28
3
3
10
64
63
58
63
29
58
63
1279
74
187
64
10
10
10
10
184
96
260
122
10
696
31
1280
243
77
39
10
187
10
10
15
10
96
260
122
1280
696
31
77
243
39
172
21
10
32
172
791
10
21
10
21
172
172
6
247
32
95
6
95
29
32
32
29
29
32
720
95
77
272
10
28
10
272
28
10
720
74
28
720
10
10
791
21
21
10
172
172
6
95
32
95
247
6
95
32
32
74
74
10
238
15
10
188
21
208
39
10
32
87
122
64
10
15
10
20
188
146
10
39
21
10
15
10
208
3
3
238
10
20
10
20
66
66
66
20
20
20
20
6
95
66
20
10
10
108
108
108
108
6
10
294
10
39
6
10
108
10
705
108
47
39
6
95
6
755
239
10
10
127
130
294
10
39
6
10
108
10
705
108
47
39
6
95
6
755
239
10
10
127
130
294
10
10
21
39
10
108
10
299
10
28
10
299
10
172
95
239
63
239
1121
10
20
1121
20
20
1
1
20
12
14
10
239
65
70
71
518
522
34
1162
71
70
63
1
63
24
136
28
58
3
37
17
1222
63
1
63
1281
10
138
63
136
24
63
63
1
136
37
3
58
28
24
63
63
1
136
63
136
1
10
1281
138
63
136
1278
47
10
20
20
20
20
20
101
101
64
68
68
41
41
163
165
292
238
765
15
10
10
914
77
3
3
239
10
64
63
63
28
10
63
3
3
10
64
63
113
32
113
10
64
122
188
10
705
294
10
39
464
113
77
39
21
736
735
720
74
10
68
10
295
10
257
103
10
66
39
41
64
64
20
20
19
87
63
19
19
64
20
63
65
64
11
19
19
67
19
63
109
63
63
159
19
10
20
20
68
10
295
10
64
64
41
257
103
10
10
10
64
64
10
11
64
11
64
10
10
10
11
64
64
10
10
10
63
10
64
41
261
262
4
64
95
159
58
172
20
20
95
159
172
64
58
261
262
41
64
20
20
10
915
19
915
19
915
19
251
69
83
10
87
87
935
920
58
64
95
159
172
10
261
262
41
64
20
20
10
10
10
64
41
261
262
20
20
10
58
64
159
172
95
239
252
10
10
64
10
101
10
101
64
10
83
20
20
10
83
20
20
10
10
64
10
20
20
10
4
934
101
187
20
64
10
10
15
31
30
11
11
216
88
198
221
218
213
10
63
10
63
4
63
63
10
4
63
10
63
63
10
4
63
63
63
10
10
4
63
63
10
11
64
20
10
30
11
31
10
10
852
173
10
63
63
63
63
10
10
10
10
63
63
63
63
10
4
10
63
63
63
4
4
4
63
63
63
63
63
10
63
63
63
63
10
10
10
63
63
933
84
929
63
63
931
77
77
77
77
77
77
77
4
4
4
4
64
10
66
10
63
28
10
631
10
10
28
631
10
29
10
63
63
59
67
19
19
19
19
19
19
63
63
10
10
63
63
10
63
63
10
10
63
10
63
63
10
3
63
59
19
19
63
67
19
19
20
20
10
1263
92
91
158
66
64
10
63
63
43
10
63
10
10
63
1265
10
63
63
10
63
1259
63
10
1271
93
63
198
63
34
1261
64
64
64
64
19
19
19
6
11
172
113
8
77
300
96
10
64
64
67
19
19
63
65
257
20
175
19
253
64
64
64
19
19
114
6
64
19
64
19
114
64
19
19
19
64
134
105
11
38
6
11
6
38
756
6
172
102
754
10
102
465
122
10
10
15
10
10
696
64
64
64
19
19
114
765
6
52
21
10
6
25
52
52
63
63
63
787
65
64
19
64
114
95
19
631
10
114
64
19
19
19
64
64
19
64
11
19
74
34
504
20
43
43
34
45
32
28
80
109
10
64
79
822
64
252
251
34
19
74
32
10
10
10
20
56
74
34
32
28
19
28
19
28
19
64
78
79
282
10
64
10
10
10
568
164
3
737
10
64
282
10
102
103
10
110
125
127
10
306
516
581
10
51
282
10
737
10
20
20
68
10
295
10
64
64
41
257
103
10
186
68
10
41
10
186
64
20
20
64
20
20
64
20
20
172
6
20
20
64
20
20
64
20
246
96
10
238
15
10
295
238
41
296
28
41
3
746
164
186
10
20
20
3
20
124
124
110
20
182
10
104
20
104
20
96
10
81
20
253
103
107
107
66
66
66
10
114
20
10
573
10
288
10
288
10
288
114
108
20
108
108
20
3
10
20
10
20
10
516
516
516
20
20
10
20
20
113
77
41
29
10
26
6
41
225
176
159
10
443
10
105
58
10
10
218
85
218
10
10
58
159
10
85
105
10
10
10
121
121
583
121
121
583
238
596
10
176
28
10
28
6
41
225
730
265
238
596
10
176
6
730
41
113
105
105
113
41
41
6
6
6
113
112
113
28
112
6
28
10
108
10
442
10
28
442
10
28
6
105
105
80
225
6
41
10
10
64
64
10
11
113
30
80
109
6
41
109
80
108
10
6
41
6
41
262
86
80
80
109
109
10
108
112
10
163
6
109
113
6
41
6
10
10
108
6
10
3
20
250
20
26
248
28
10
29
10
96
113
304
10
10
304
442
10
29
10
443
10
10
255
10
105
443
10
569
727
186
54
19
10
103
146
558
575
19
412
229
64
10
19
19
19
64
64
64
19
19
114
6
95
64
19
64
11
19
10
303
304
10
10
41
305
306
66
242
307
10
68
284
51
21
20
20
39
186
10
51
164
20
20
69
19
19
19
19
64
59
77
20
20
20
10
69
10
10
69
20
59
109
87
10
64
80
6
41
198
10
6
41
109
87
80
198
188
20
20
122
69
10
69
270
20
64
171
77
456
20
630
108
171
456
630
108
64
10
6
6
365
77
10
10
10
10
10
10
10
66
20
637
20
657
6
198
246
20
59
20
20
69
173
20
20
173
69
59
9
108
77
10
108
109
198
69
108
10
77
365
87
77
77
10
198
198
69
109
87
29
11
198
10
102
104
103
10
242
66
15
10
64
19
19
19
19
19
10
105
105
111
20
64
110
10
125
127
10
257
10
516
122
10
544
219
3
219
10
624
6
701
10
10
757
10
229
10
10
127
130
170
201
444
37
10
25
10
11
201
21
162
85
29
99
38
11
247
250
245
188
122
294
260
122
188
260
250
10
456
10
122
188
260
456
10
250
30
20
20
20
20
258
6
41
626
10
288
10
288
10
288
114
114
10
172
20
20
20
6
95
10
20
1282
64
64
64
20
20
20
20
20
20
6
116
10
96
10
122
10
64
64
64
20
20
20
20
6
10
116
20
20
306
282
573
20
10
95
229
10
438
20
20
21
10
799
310
229
176
41
260
30
10
266
452
10
176
10
310
310
30
15
452
10
41
6
32
105
31
31
310
260
10
310
6
32
105
10
186
10
96
10
32
113
10
186
20
109
80
163
176
30
31
20
10
20
28
10
127
41
130
6
81
29
225
29
247
225
81
29
6
29
112
112
32
29
112
10
10
10
10
74
280
10
3
133
63
66
66
10
96
96
10
11
664
294
6
28
3
3
8
226
41
63
64
10
164
229
127
130
66
20
664
64
68
20
64
20
68
64
10
64
81
6
32
41
113
273
786
64
20
175
10
1283
10
10
51
107
10
10
294
10
10
66
294
10
699
10
38
199
77
229
176
80
127
130
273
10
445
61
84
212
449
10
85
52
226
930
199
54
10
54
186
39
10
99
96
38
68
107
292
221
10
872
6
19
63
540
20
63
63
80
80
466
281
596
466
87
19
19
63
11
64
10
64
10
64
19
19
10
64
64
64
19
799
6
64
64
6
799
64
64
799
6
799
6
6
799
799
6
6
25
64
64
87
64
64
87
64
64
64
64
198
87
20
198
64
64
64
64
87
198
87
198
20
20
198
198
6
799
6
799
6
799
799
6
6
799
6
799
799
6
6
799
6
799
799
6
6
25
20
198
83
20
20
20
20
186
10
186
10
168
10
64
10
163
39
113
10
169
20
20
95
117
6
64
64
64
10
10
10
170
10
171
64
64
10
10
169
10
15
172
64
10
10
170
10
64
8
80
15
69
173
20
174
99
175
96
10
18
10
28
8
10
173
69
176
20
30
41
41
122
6
177
178
31
179
164
64
10
80
80
10
81
109
109
10
180
10
58
10
102
181
182
183
106
184
20
10
32
32
112
6
185
112
6
185
81
104
177
41
15
10
10
20
163
6
41
10
6
39
113
10
39
113
10
39
113
10
39
113
10
123
103
114
10
10
64
10
169
20
20
39
113
10
108
10
186
54
10
54
10
186
54
10
186
54
10
186
54
10
186
54
10
186
187
10
96
20
39
188
122
64
10
10
21
20
20
18
20
10
10
101
117
10
96
10
10
10
63
63
59
64
11
64
10
11
64
64
10
11
64
64
10
10
21
188
122
101
10
10
39
113
113
113
32
41
101
188
122
10
10
39
177
21
10
39
188
122
10
101
10
188
122
101
10
10
39
188
122
101
10
10
39
190
191
192
21
10
3
3
41
41
21
10
3
3
41
21
10
3
3
6
6
41
10
10
41
188
122
101
10
10
39
188
122
101
10
10
39
188
122
101
10
10
39
169
193
194
10
10
10
41
10
6
195
195
195
195
195
195
195
10
10
64
64
171
10
10
170
15
10
10
170
64
15
64
10
10
99
96
10
174
175
80
8
20
69
173
172
10
169
196
113
10
63
28
10
8
20
69
173
122
18
10
176
178
6
30
31
41
41
177
195
195
10
170
64
15
64
10
10
99
96
10
174
175
80
8
20
69
173
172
28
10
8
20
69
173
122
18
10
176
178
6
30
31
41
41
177
195
41
10
108
10
177
197
197
197
163
163
195
163
10
10
6
32
41
10
10
32
10
6
6
32
32
163
41
10
32
10
6
6
32
32
163
41
10
32
10
6
6
32
32
163
112
10
164
64
10
10
20
10
179
102
182
106
184
181
183
20
180
10
58
10
80
109
104
15
10
177
195
41
80
109
112
10
112
10
6
6
32
185
81
185
81
32
41
10
163
6
6
188
122
184
64
10
10
39
20
11
186
54
10
20
20
10
10
83
88
198
89
10
199
18
10
10
10
163
64
106
122
176
177
41
195
64
64
10
10
64
10
117
64
10
64
10
6
95
169
20
20
202
108
108
10
10
40
164
64
10
10
20
10
179
102
182
106
184
181
183
20
80
104
15
10
177
41
80
112
10
6
32
185
81
41
10
163
6
207
10
10
64
83
10
208
10
20
169
3
3
52
53
51
10
54
10
54
10
6
10
186
10
64
83
10
208
10
20
3
3
202
10
64
83
10
208
10
20
3
3
18
10
101
10
106
122
176
41
177
10
64
83
10
208
10
20
199
213
214
68
32
6
215
10
32
169
20
20
10
54
54
186
10
64
83
10
208
10
20
20
20
21
10
177
58
58
10
10
87
87
10
175
80
216
10
64
10
117
64
10
64
10
6
95
169
20
20
61
10
15
20
85
62
212
217
10
114
64
10
10
10
123
103
3
3
169
3
3
10
10
199
58
28
87
6
10
54
54
41
10
84
218
10
58
159
186
20
20
202
114
64
10
10
10
123
103
58
69
10
219
159
58
219
54
54
10
20
213
186
83
88
220
199
28
10
10
199
10
28
6
221
41
108
10
186
54
54
10
199
10
28
6
10
114
64
10
10
10
123
103
74
79
222
223
21
3
3
10
177
224
113
10
39
186
225
225
64
20
20
20
64
20
20
20
64
20
64
20
20
20
11
11
95
6
141
32
113
6
19
19
19
19
67
21
19
19
96
149
19
6
32
64
20
20
20
64
20
20
20
64
20
64
20
20
20
11
11
6
19
19
19
67
20
19
19
19
95
67
67
96
97
21
141
11
64
19
19
19
64
19
19
19
64
19
19
19
19
64
19
19
64
64
64
64
19
19
19
19
19
19
19
19
19
19
19
19
6
11
15
77
113
47
265
20
3
114
117
116
115
112
19
11
64
20
20
20
64
20
20
20
64
20
64
20
20
20
11
11
95
6
141
100
74
74
78
79
80
81
84
34
85
63
63
34
32
28
19
86
28
19
63
168
10
64
10
200
164
6
185
58
37
80
112
10
32
41
195
201
163
109
108
110
80
111
135
133
134
588
125
130
127
128
129
131
132
105
19
19
126
6
32
6
6
106
20
15
104
47
47
120
6
6
103
19
19
102
101
101
101
101
101
101
101
19
19
19
19
19
19
19
19
74
78
79
80
81
28
29
28
32
29
82
34
34
19
19
3
3
3
6
87
19
89
67
59
64
170
64
15
64
10
10
172
178
3
122
30
31
6
41
18
3
10
10
176
177
41
113
10
39
20
20
52
41
226
63
186
53
41
51
10
20
64
20
20
20
64
20
20
20
64
20
64
20
20
20
11
11
95
6
141
99
145
146
28
6
19
19
32
113
6
19
19
19
19
67
21
19
19
19
67
19
67
21
74
78
79
80
81
86
28
64
59
58
32
28
69
19
34
19
19
28
69
19
19
28
19
19
19
20
20
3
364
20
505
182
106
184
15
182
124
103
10
122
64
176
41
186
54
10
99
37
52
226
63
52
63
226
103
19
19
19
102
15
104
20
39
39
120
123
124
105
80
6
105
6
32
101
19
19
101
101
101
101
101
19
101
19
19
19
19
6
6
6
47
47
20
96
67
59
10
10
10
20
108
10
11
113
37
37
113
81
11
64
64
19
11
101
19
19
101
101
101
101
101
19
101
19
19
19
19
6
6
103
19
19
19
102
106
15
104
20
6
121
595
555
103
19
19
19
122
107
118
107
119
107
118
119
47
47
120
107
59
3
3
3
6
28
19
58
94
82
19
6
64
3
3
3
59
19
19
19
64
64
19
19
11
11
64
19
19
30
64
64
64
64
19
19
19
6
11
172
113
8
77
300
96
10
66
20
66
20
66
20
64
10
64
95
6
18
10
240
3
112
10
113
32
58
10
